10 2 1.5 3 60
0 0 0 0 0 0 0 0 0 0
1 1 1 1 1 1 1 1 1 1
1 1 1 0 1 0 1 1 1 1




d  r  c  n  N
20 3 2 7 300
1 1 1 1 1 1 1 1 1 1 0 0 0 0 0 0 0 0 0 0
0 1 0 0 0 0 0 0 1 1 1 0 0 1 1 1 1 1 0 1
0 0 0 0 1 1 0 1 0 0 1 0 1 0 0 1 1 1 1 1
0 1 0 0 0 0 1 0 0 0 0 1 1 1 0 1 0 1 0 1
0 0 0 0 0 0 0 1 0 1 1 1 0 1 1 0 1 1 0 0
0 1 0 1 0 0 0 1 1 0 1 0 1 0 1 1 1 1 1 1
1 0 0 0 0 1 1 0 1 1 1 1 1 1 1 1 0 1 1 1




10 1 1 1 1 1 1 1 1 1 1
10 0 0 0 0 0 0 0 0 0 0

1 1 1 1 1 1 1 1 0 1 0 0 0 1 0 0 1 0 0 0
1 1 1 1 1 1 1 1 0 1 0 0 0 1 0 0 1 0 0 0

m 1 1 1 0 1 1 1 1 1 1 0 0 0 0 0 0 0 0 0 1
c 1 1 1 0 1 1 1 1 1 1 0 0 0 0 0 0 0 0 0 1